INDEX. 881

411881 caccum, 7811118881 187. 4811 18811 (8.11111111018111118111)
Altinum, 41881111, Altino 87. 181; 08.

181181811181. Appianum cartrum 187.

411188 881781811881170. 100. 107. 48811188Ι 100. 101. 187. 844.
41818181 181811 188; o. comacina. 48811, Aqnia, 41881 07. 848.
4811188881 Langobardoa 100. 48811111880808188.18081181).
Amator 18118. 111 111118 18111811 108. 817, 888. 848; 488111818111

808. 880. 848. 8478 488111111111111111111
481181818181810181181111100118. 108. 888. 888; patriarchae:
418118 80; 418118811 88. Ρ18181,Ρ1881881, 1111111, 8111181,
481811 881 Wandalorum 80. 87. 18818811, Pctrua, 8111881, 0111·
4811111, 41111111 147. 11811 488111118111 1188881 808.
48118881 881 Francorum 88. 84. 88. 817.

Amiternum cir. 100. 844. 48818111 (41.1) 117.
Amo 881 Langobardorum 110. 118. Aquitania 88. 888; princepae

117. Eudo.

48111118 111 Maurorum 78. Archia bb.
' Anagnia caatrum, 11888 10. 110. 411181 anbdiacouua 88811881 788

117. 118. apostolorum 18181.
481111118111, quiet 41118181, imp. 41181111, 011881 1188.

800. 887. 888. 41111, 4111 884.

4811111181 8111111181 0881118888· 4111111, 41111 887ς 41111118111818·

88811881 884. vincia 118.
481111118118111.41111881’1111818111 4181111181111811888. 880.

180. 41118111, 4118811, 411811. 418811,
488181118111 cir, 4118111 888. 881818111811881148. 144188.
4888118881 1118118111 11111818 187.100.170;1111811418.

810. 4111811, 81. 1188181181 1. 88811 8181·
48811 111 180107. 808 800. 8808 8181181, 108.

8118811 Angli 8018 48881118811 4118811 11, Arcchia, 881 1118118·

188. 817; 1111 cedoald. 81818181118118810.4.14; 81811
Anna, 81810881181111 8811181111- 481181181.

1181181, 880. 4111811, 8188811811118181811811-
18811111181188. ’ 1881, too, 1111811 Warncfrit.
Annibal 08. ’ 4111811810111811111,8111101811
Auta, uxor Doridarii 11811 11188, 8118881, 188.

840. Ariminum, 111811111Ῑο1. 887. 848.
4818811, 481111, 8118188881, 81. 41181111 111 Langobardorum 148.

418818, 800. 881. 144. 188. 180.

481881111 ’11811881 881. 4118111 1, 11111811181,81. 0811881181
4811111881 88181811881 807. 818. ducia, 111 Langobardorum 144.
4818118881111111888811881881808. 178. 174. 177.180. 108. 801. 810.

810-881. 887. 888; uxor: ’1818- 887. 8488 filil: Parctarit, (1881·

dorada3 libari: 818181188, Lint- 811881111888818181810118181181.

81188, 481881. 4118111 ΙΙ. 111 Langobardorum, 81.
41181, 88881181 regionariorum& 1118188118, 808. 800. 880. 881.
481818 80. 888, 887. 888. 8418 irater:
4811881 88888818 78. (18818111.

48188181(181111111 (1118181111 81· 411811181 1. 111 Francorum, 81.

118181 180. chlotarii 1, 08.

4881, 81. unuln 888118818181181, 4888818818881181881148.188188.
4811018881 monton 00. tta, qs. 41811. ΛἻ111111811. Imm dm Pomm,

 

